$ 1 0.001 9.001713130052181 50 5 50
f 544 192 608 192 0 1.5 0.5
v 656 112 656 80 0 0 40 13 0 0 0.5
w 656 80 608 80 0
g 656 368 656 384 0
w 656 112 656 368 0
r 608 80 608 176 0 2
w 608 352 608 368 0
w 608 368 656 368 0
r 544 192 544 80 0 10000
w 544 80 608 80 0
t 496 240 544 240 0 1 -12.974165491450055 0.02583450470513823 100
w 544 192 544 224 0
w 544 256 544 368 0
w 544 368 656 368 0
t 336 272 384 272 0 1 0.5514161429598539 0.5772506141007343 100
r 384 256 384 80 0 100000
w 384 80 544 80 0
d 384 256 496 256 1 0.805904783
w 496 256 496 240 0
w 384 288 384 368 0
w 384 368 656 368 0
r 240 272 336 272 0 10000
r 336 272 336 368 0 20000
w 336 368 656 368 0
w 240 368 656 368 0
p 240 272 128 272 1 0
v 240 368 240 272 0 1 0.2 1.65 1.65 0 0.5
370 608 208 608 352 1 0
p 496 240 496 192 1 0
p 336 272 336 224 1 0
o 25 64 0 4099 5 6.4 0 3 27 0 27 3
